last_answer_survey_time: 1647622715.463052
last_prompt_time: 1647622637.1877708
